00000000000000000000000000
00000000000000000000000000
00100200500300500600700500
00100500500300500100400500
00100500000300200100400600
00600400000100200200500600
00600400000100300200500700
00600400100200400300500700
00700100100100400400000100
00100000100500500000000200
00200000200500500100000100
00100100200100000100100100
00500100400000000000100000
00500100400000000000300000
00500600400000200300300000
00100600400200200300300300
00000700700200600500700300
00000600700300600500000100
00100600000400600500000100
00100000100500500600400200
00100100200500500600400200
00000000000000000000000000
